LT591897.1
51394 55891
273966 274606
451170 451849
458878 464721
468283 468336
469051 470081
470624 472487
629328 630077
805583 807617
808272 808879
821630 823183
986052 986337
1019447 1043450
1043916 1051481
1120742 1123921
1180971 1182068
1203728 1204098
1205443 1205873
1211380 1217538
1236218 1237924
1318600 1319030
1327289 1327937
1446868 1448397
1526926 1527322
1537496 1569534
1589088 1589424
1595166 1595414
1692029 1693558
1696422 1697074
2015037 2018082
2074463 2075586
2146750 2147090
2166483 2167157
2167608 2169080
2170891 2184307
